$ 1 0.000005 10.20027730826997 50 5 50 5e-11
R 944 384 944 288 0 0 40 5 0 0 0.5
g 944 192 944 128 0 0
w 944 384 1264 384 0
w 1264 384 1264 448 0
r 1264 448 1264 560 0 2000
w 1264 560 1264 656 0
w 944 384 944 656 0
w 944 912 400 912 0
w 1264 656 1360 656 0
w 1360 656 1360 192 0
w 1360 192 944 192 0
174 400 768 304 864 1 10000 0.5 Resistance
w 512 528 512 400 0
w 512 192 944 192 0
w 400 720 400 192 0
w 400 192 512 192 0
r 656 656 752 656 0 100
r 752 656 848 656 0 100
w 656 656 512 656 0
w 944 656 848 656 0
w 944 656 944 912 0
w 512 400 512 192 0
x 432 831 494 834 4 24 Servo
x 549 584 609 587 4 24 Laser
x 1128 519 1230 522 4 24 HC-SR04
r 512 656 512 528 0 220
w 400 912 400 864 0
w 400 768 400 720 0
